image_width: 1280
image_height: 1024
camera_name: 14160044
camera_matrix:
  rows: 3
  cols: 3
  data: [1165.362529995487, 0, 627.3564526426333, 0, 1164.778357659025, 535.5898372744484, 0, 0, 1]
distortion_model: plumb_bob
distortion_coefficients:
  rows: 1
  cols: 5
  data: [-0.188307840060043, 0.1721079908650386, -0.001218515288942532, -0.0001787879260764079, 0]
rectification_matrix:
  rows: 3
  cols: 3
  data: [0.9999993399853423, 9.425999148184784e-05, 0.001145051934996042, -9.512692900685037e-05, 0.9999997088861883, 0.0007570854681045406, -0.001144980238785845, -0.0007571938936911443, 0.9999990578383863]
projection_matrix:
  rows: 3
  cols: 4
  data: [1151.942283615128, 0, 636.2039947509766, -264.6037914104986, 0, 1151.942283615128, 524.5707626342773, 0, 0, 0, 1, 0]