image_width: 1280
image_height: 1024
camera_name: 14160053
camera_matrix:
  rows: 3
  cols: 3
  data: [1183.682192362408, 0, 666.7325973440336, 0, 1187.505560040796, 474.3265592605486, 0, 0, 1]
distortion_model: plumb_bob
distortion_coefficients:
  rows: 1
  cols: 5
  data: [-0.1793889114013418, 0.1634327851943091, -0.001254383222676458, -0.0008389675018818933, 0]
rectification_matrix:
  rows: 3
  cols: 3
  data: [0.9991426404203148, -0.003696990731735897, 0.04123489242681164, 0.004179148184936179, 0.9999238349280314, -0.01161288350355412, -0.04118881904558096, 0.01177525381247613, 0.9990819909213068]
projection_matrix:
  rows: 3
  cols: 4
  data: [1191.961187167331, 0, 594.6440734863281, 0, 0, 1191.961187167331, 503.3835258483887, 0, 0, 0, 1, 0]