image_width: 1280
image_height: 1024
camera_name: 14160053
camera_matrix:
  rows: 3
  cols: 3
  data: [1171.635576125698, 0, 645.2768198687913, 0, 1170.992825718148, 518.507308576025, 0, 0, 1]
distortion_model: plumb_bob
distortion_coefficients:
  rows: 1
  cols: 5
  data: [-0.1850106374027023, 0.1685264406697875, -0.002041090878721297, -0.0007413195811912817, 0]
rectification_matrix:
  rows: 3
  cols: 3
  data: [0.9999938434050126, 0.00308681114351762, -0.001668756733445414, -0.003088073742834871, 0.9999949472038414, -0.000754564341324511, 0.00166641910394049, 0.000759712939629221, 0.9999983229404034]
projection_matrix:
  rows: 3
  cols: 4
  data: [1151.942283615128, 0, 636.2039947509766, 0, 0, 1151.942283615128, 524.5707626342773, 0, 0, 0, 1, 0]