image_width: 1280
image_height: 1024
camera_name: 14160044
camera_matrix:
  rows: 3
  cols: 3
  data: [1171.716621023625, 0, 639.3596125374827, 0, 1174.93234053086, 531.0050632982808, 0, 0, 1]
distortion_model: plumb_bob
distortion_coefficients:
  rows: 1
  cols: 5
  data: [-0.1856249609207698, 0.1506900888038405, 0.001095816409108436, -0.0001720073367538533, 0]
rectification_matrix:
  rows: 3
  cols: 3
  data: [0.9991838597794119, 0.009021846279090705, 0.03937284147776125, -0.0094818502912836, 0.9998887754292041, 0.01151222331872544, -0.03926460074125476, -0.01187615511868121, 0.9991582697792311]
projection_matrix:
  rows: 3
  cols: 4
  data: [1191.961187167331, 0, 594.6440734863281, -129.4177189685087, 0, 1191.961187167331, 503.3835258483887, 0, 0, 0, 1, 0]