image_width: 1280
image_height: 1024
camera_name: narrow_stereo/left
camera_matrix:
  rows: 3
  cols: 3
  data: [1178.059306, 0.000000, 647.329964, 0.000000, 1175.150213, 506.150307, 0.000000, 0.000000, 1.000000]
distortion_model: plumb_bob
distortion_coefficients:
  rows: 1
  cols: 5
  data: [-0.173672, 0.119938, 0.001432, -0.000584, 0.000000]
rectification_matrix:
  rows: 3
  cols: 3
  data: [0.999928, -0.004790, -0.010987, 0.004795, 0.999988, 0.000438, 0.010985, -0.000491, 0.999940]
projection_matrix:
  rows: 3
  cols: 4
  data: [1176.657114, 0.000000, 648.988281, 0.000000, 0.000000, 1176.657114, 521.579632, 0.000000, 0.000000, 0.000000, 1.000000, 0.000000]
